12,3
16,6
13,4
12,6
11,4
13,3
11,3
14,67
0,345
0,434
0,433
0,435
0,334
0,432
0,332
0,331
0,330
0,329
0,328
0,327
0,326
0,325
0,437
0,322
0,321
0,320
0,319
0,318
0,317
0,316
0,315
5,5
5,6
0,314
0,313
0,312
0,311
0,310
0,309
2,5
0,301
6,2
0,431
0,430
0,429
0,428
0,427
0,426
0,425
0,424
0,423
6,5
0,422
0,421
0,420
0,419
0,418
0,417
16,7
0,416
0,415
0,414
0,413
0,412
0,411
0,409
0,408
0,407
0,406
0,405
0,404
0,403
0,402
16,4
15,3
16,9
16,8
16,5
0,401
0,400
15,4
16,3
2,4
2,3
0,399
1,3
0,398
0,397
0,396
14,104
14,103
14,88
14,87
14,102
14,101
14,100
14,99
14,98
14,97
14,96
14,95
14,94
14,93
14,92
14,91
14,90
14,89
0,395
0,394
0,393
0,392
0,391
14,2
0,390
0,389
8,5
0,388
0,387
10,4
10,3
0,386
14,74
12,5
7,3
7,4
8,3
9,3
9,5
14,4
6,3
6,4
5,3
5,4
14,33
14,32
14,31
14,10
14,9
14,3
14,5
0,300
0,299
0,298
0,297
0,296
0,295
0,294
0,293
0,292
0,291
0,290
0,289
0,288
0,287
0,286
0,285
0,284
0,283
0,282
0,281
0,280
0,279
0,278
0,277
0,276
0,275
0,274
0,273
0,272
0,271
0,270
0,269
0,268
0,267
0,266
0,265
0,264
0,263
0,262
0,261
0,260
0,259
0,258
0,257
0,256
0,214
0,341
0,210
0,340
0,209
0,339
0,208
0,338
0,207
0,337
0,206
0,336
0,205
0,335
0,204
0,203
0,202
0,201
0,200
0,199
0,198
0,197
0,196
0,195
0,194
0,193
0,192
0,63
0,62
0,61
0,60
0,59
0,58
0,57
0,56
0,55
0,54
0,53
0,52
0,51
0,50
0,49
0,48
0,47
0,46
0,45
0,6
0,255
0,385
0,254
0,384
0,253
0,383
0,252
0,382
0,251
0,381
0,250
0,436
0,249
0,379
0,248
0,378
0,247
0,377
0,246
0,376
0,245
14,121
14,120
14,119
0,375
0,244
0,374
0,242
0,373
0,241
0,372
0,240
0,371
0,239
0,370
0,238
0,369
0,237
0,368
0,236
14,118
14,117
14,116
14,115
14,114
14,113
14,112
14,111
14,110
14,109
14,108
14,107
14,106
14,105
0,367
0,235
0,366
0,234
0,365
0,233
0,364
0,232
0,363
0,231
0,362
0,230
0,361
0,229
0,360
0,228
0,359
0,227
0,358
0,226
0,357
0,225
0,356
0,224
0,355
0,223
0,354
0,222
0,353
0,221
0,352
0,220
0,351
0,219
0,350
0,218
0,349
0,217
0,348
0,216
0,347
0,215
0,346
0,304
0,303
0,12
0,11
0,10
0,8
0,213
0,344
0,212
0,343
0,211
0,342
14,0
2,1
16,2
16,1
15,5
15,2
15,1
14,1
13,2
13,1
12,8
12,7
12,4
12,2
12,1
11,5
11,2
11,1
10,2
10,1
9,4
9,2
9,1
8,4
8,2
8,1
7,5
7,2
7,1
6,1
5,2
5,1
2,2
2,0
0,410
0,324
0,243
0,9
0,0
0,1
4,3
4,2
4,1
4,0
3,6
3,5
3,4
3,3
3,2
3,1
3,0
1,2
1,1
1,0
0,333
0,308
0,307
0,5
0,306
0,305
0,302
0,4
0,2
0,3
0,7
16,0
15,0
13,0
12,0
11,0
10,0
9,0
8,0
7,0
6,0
5,0
